Point sdf 0.251705 -6.534646
Point -0.124689 6.807659 -5.782531
Point -3.346435 -4.931322 -8.394111
Point 3.425738 -1.898974 -3.789243
Point -0.287615 2.409761 -0.136954
Point 9.698930 4.937587 -3.514850
Point -9.658320 -8.393279 6.732005
Point 9.110807 8.088423 1.905808
Point 7.006561 6.540599 2.862988
Point 8.588019 -9.221876 -5.503954
Point 4.751294 -8.198383 3.525162
Point -9.050312 8.998460 8.117232
Point -6.185329 -6.819379 -0.650568
Point 9.754771 -6.556626 -6.866508
Point 3.781057 8.946010 3.288076
Point -1.590037 -6.718148 -7.524280
Point 1.481288 -5.226423 6.684019
Point -1.813003 7.057669 1.431571
Point 7.664105 6.119226 -7.085141
Point 1.221984 4.307772 -5.751360
Point -6.277040 4.302529 1.958172
Point -8.386138 -0.841338 -9.286241
Point -8.230016 9.918074 -3.591982
Point -6.749051 -2.036992 7.304202
Point 2.367505 8.327937 3.825977
Point 0.591518 -4.702339 3.454225
Point 3.574134 8.219255 -4.671615
Point -2.410246 2.778416 5.841814
Point 1.972555 0.514744 -9.217428
Point -5.589391 4.359143 -6.398573
Point -2.446115 -9.883563 -6.375012
Point -5.083065 2.813742 -5.258578
Point 3.342095 -5.722352 -4.226472
Point -8.831974 -8.175798 -4.435494
Point -1.333762 -5.822432 -7.959970
Point -9.673449 -9.390314 0.079986
Point 1.585646 9.673148 2.402127
Point -8.717402 -3.572596 0.997358
Point -5.969526 -4.211248 8.478676
Point -2.496319 -5.818497 1.615415
Point -6.714586 -6.342401 3.562445
Point -0.422363 9.354583 4.829972
Point -0.215287 6.788469 3.070814
Point 2.682013 0.154270 1.681590
Point -5.159389 9.140900 -2.724175
Point -1.621440 -6.369851 -9.132744
Point 5.007331 -0.289502 4.693845
Point -0.007549 4.154445 -1.068491
Point -1.989363 -5.261188 -4.673679
Point -6.729064 -7.517017 -8.901723
Point 9.042255 4.290350 -3.507649
Point 4.163993 5.637921 1.548682
Point -4.182400 -8.068208 -0.865210
Point -7.284977 7.076963 -6.795949
Point -5.910362 2.146288 -3.621143
Point 6.804691 9.807187 4.026645
Point -7.625902 -4.647476 -7.790939
Point -4.555645 -2.555621 -8.001208
Point 3.191009 -0.277430 -4.289757
Point 4.133260 8.298046 1.341428
Point 1.706529 0.570730 6.852653
Point -7.487884 8.566772 9.304825
Point -8.420861 7.628331 -0.803520
Point -0.149862 -7.992654 1.466148
Point -2.729131 -4.627719 -0.688198
Point 0.210251 6.253667 0.148283
Point 5.653424 -0.088098 4.442533
Point 8.449539 0.839221 -3.124221
Point -6.788626 5.477009 -0.042487
Point 5.667484 -6.752945 -4.639450
Point -4.829931 3.728767 6.360032
Point -9.619863 0.615352 9.100431
Point -1.556818 1.042861 -0.673405
Point 8.282255 4.494403 -8.599970
Point 9.645425 4.187669 -6.666785
Point 9.847875 0.363348 -5.374807
Point 9.394302 -9.880165 -9.792878
Point -7.102014 -3.037260 -6.657733
Point 7.527232 7.240735 4.618654
Point 7.885321 5.269555 -2.957823
Point -3.500476 8.632705 -9.648543
Point -9.736427 8.892259 -2.307748
Point 2.075675 -3.059928 -0.693188
Point 7.483789 -5.957276 -7.000100
Point 3.440104 -2.496815 6.188992
Point -2.264452 -5.453207 3.868812
Point -2.450881 4.420409 -1.243091
Point -4.953751 -1.538748 -4.320275
Point 9.806031 7.208203 1.918697
Point 6.221490 -9.576155 -3.421246
Point 6.554206 -3.823982 4.320924
Point 0.891107 4.132829 -7.686911
Point 4.790334 -2.017983 8.973350
Point 1.648418 -9.517286 -5.443067
Point -0.058409 -6.563339 2.685141
Point -4.220555 -1.957057 7.324896
Point 5.643454 -3.439520 7.883459
Point -5.130147 -8.467385 -9.349508
Point 3.233686 8.439795 -1.600022
Point sdfsf 4.902088 9.390247
